0,
13,
-16,
23,
-6,
6,
19,
-10,
29,
-1,
12,
25,
-5,
34,
3,
16,
29,
-1,
38,
7,
19,
31,
0,
39,
8,
20,
32,
0,
39,
7,
19,
31,
0,
37,
5,
16,
27,
-4,
33,
1,
12,
23,
-9,
28,
-4,
6,
17,
-15,
22,
-10,
0,
10,
-22,
15,
-17,
-6,
4,
-28,
9,
-23,
-12,
-1,
-33,
4,
-27,
-16,
-5,
-37,
0,
-31,
-19,
-7,
-39,
0,
-32,
-20,
-8,
-39,
0,
-31,
-19,
-7,
-38,
1,
-29,
-16,
-3,
-34,
5,
-25,
-12,
1,
-29,
10,
-19,
-6,
6,
-23,
16,
-13,
0,
13,
-16,
23,
-6,
6,
19,
-10,
29,
-1,
12,
25,
-5,
34,
3,
16,
29,
-1,
38,
7,
19,
31,
0,
39,
8,
20,
32,
0,
39,
7,
19,
31,
0,
37,
5,
16,
27,
-4,
33,
1,
12,
23,
-9,
28,
-4,
6,
17,
-15,
22,
-10,
0,
10,
-22,
15,
-17,
-6,
4,
-28,
9,
-23,
-12,
-1,
-33,
4,
-27,
-16,
-5,
-37,
0,
-31,
-19,
-7,
-39,
0,
-32,
-20,
-8,
-39,
0,
-31,
-19,
-7,
-38,
1,
-29,
-16,
-3,
-34,
5,
-25,
-12,
1,
-29,
10,
-19,
-6,
6,
-23,
16,
-13,
0,
13,
-16,
23,
-6,
6,
19,
-10,
29,
-1,
12,
25,
-5,
34,
3,
16,
29,
-1,
38,
7,
19,
31,
0,
39,
8,
20,
32,
0,
39,
7,
19,
31,
0,
37,
5,
16,
27,
-4,
33,
1,
12,
23,
-9,
28,
-4,
6,
17,
-15,
22,
-10,
0,
10,
-22,
15,
-17,
-6,
4,
-28,
9,
-23,
-12,
-1,
-33,
4,
-27,
-16,
-5,
-37,
0,
-31,
-19,
-7,
-39,
0,
-32,
-20,
-8,
-39,
0,
-31,
-19,
-7,
-38,
1,
-29,
-16,
-3,
-34,
5,
-25,
-12,
1,
-29,
10,
-19,
-6,
6,
-23,
16,
-13,
0,
13,
-16,
23,
-6,
6,
19,
-10,
29,
-1,
12,
25,
-5,
34,
3,
16,
29,
-1,
38,
7,
19,
31,
0,
39,
8,
20,
32,
0,
39,
7,
19,
31,
0,
37,
5,
16,
27,
-4,
33,
1,
12,
23,
-9,
28,
-4,
6,
17,
-15,
22,
-10,
0,
10,
-22,
15,
-17,
-6,
4,
-28,
9,
-23,
-12,
-1,
-33,
4,
-27,
-16,
-5,
-37,
0,
-31,
-19,
-7,
-39,
0,
-32,
-20,
-8,
-39,
0,
-31,
-19,
-7,
-38,
1,
-29,
-16,
-3,
-34,
5,
-25,
-12,
1,
-29,
10,
-19,
-6,
6,
-23,
16,
-13,
0,
13,
-16,
23,
-6,
6,
19,
-10,
29,
-1,
12,
25,
-5,
34,
3,
16,
29,
-1,
38,
7,
19,
31,
0,
39,
8,
20,
32,
0,
39,
7,
19,
31,
0,
37,
5,
16,
27,
-4,
33,
1,
12,
23,
-9,
28,
-4,
6,
17,
-15,
22,
-10,
0,
10,
-22,
15,
-17,
-6,
4,
-28,
9,
-23,
-12,
-1,
-33,
4,
-27,
-16,
-5,
-37,
0,
-31,
-19,
-7,
-39,
0,
-32,
-20,
-8,
-39,
0,
-31,
-19,
-7,
-38,
1,
-29,
-16,
-3,
-34,
5,
-25,
-12,
1,
-29,
10,
-19,
-6,
6,
-23,
16,
-13,
0,
